# id	file_path	transparent_color_r	g	b
[TEXTURES]
-100	textures\bbox.png	237	28	36
0	textures\mario1.png	255	255	255
20	textures\misc_.png	255	255	255
10	textures\enemy_x3.png	3	26	110
40	textures\effect_x3.png	255	255	255
50	textures\goalRoulette_x3.png	0	183	239
55	textures\UI_x3.png	195	195	195
60	textures\MapSelection(x3).png	255	255	255
100	Resources\map\world-map-1\tileset.png	255	255	255
101	Resources\map\1-1\Final1(48).png	255	255	255

# id	left	top	width	height	texture_id
[SPRITES]
# SMALL MARIO
# IDLE FRONT
10001	397	8	16	16	0
# IDLE
10002	254	9	12	15	0
# WALK
10003	254	9	12	15	0
10004	269	8	15	16	0
# SKID
10005	287	8	14	16	0
# RUN
10006	323	8	16	16	0
10007	341	8	16	16	0
# JUMP
10008	304	8	16	16	0
# HIGH JUMP
10009	360	8	16	16	0
# DIE
10010	416	8	16	16	0
# SLIDE
10011	379	8	15	16	0
# HOLD
10012	435	8	14	16	0
10013	452	8	15	16	0
# KICK
10014	470	8	16	16	0
# DIVE
10015	489	8	16	16	0
10016	508	9	16	15	0
# SWIM
10017	527	9	14	15	0
10018	544	8	14	16	0
# CLIMB
10019	561	9	14	15	0
10020	578	9	14	15	0
# BIG MARIO
# IDLE 
10021	197	48	14	27	0
# IDLE FRONT
10022	415	48	16	27	0
# WALK
10023	197	48	14	27	0
10024	214	48	16	27	0
10025	233	49	16	26	0
# SKID
10026	252	47	16	28	0
# RUN
10027	290	48	19	27	0
10028	312	48	19	27	0
10029	335	49	19	26	0
# JUMP
10030	271	49	16	26	0
# HIGH JUMP
10031	357	49	19	26	0
# CROUCH
10032	379	57	14	18	0
# SLIDE
10033	396	49	16	26	0
# HOLD
10034	434	48	14	27	0
10035	451	48	15	27	0
10036	469	49	16	26	0
# KICK
10037	488	48	21	27	0
# DIVE
10038	512	48	19	27	0
10039	534	49	19	26	0
# SWIM
10040	556	48	19	27	0
10041	578	48	18	27	0
10042	599	49	19	26	0
# CLIMB
10043	621	50	16	25	0
10044	640	50	16	25	0
# ROLL
10045	320	317	22	20	0
10046	345	317	19	20	0
10047	367	315	20	22	0
10048	390	318	20	19	0
10049	413	317	22	20	0
10050	438	317	19	20	0
10051	460	315	20	22	0
10052	483	318	20	19	0
# RACCOON MARIO
# IDLE FRONT
10053	174	142	16	28	0
# IDLE
10054	80	142	21	28	0	6	0
# WALK
10055	80	142	21	28	0	6	0
10056	104	142	22	28	0	6	0
10057	129	143	23	27	0	6	0
# SKID
10058	155	140	16	30	0	0	3
# RUN
10059	283	143	23	27	0	7	0
10060	309	143	23	27	0	7	0
10061	335	142	22	28	0	6	0
# JUMP
10062	257	143	23	27	0	6	0
# SPEED UP
10063	360	142	24	28	0	6	0
10064	387	142	24	28	0	6	0
10065	414	143	24	27	0	6	0
# FLY
10066	441	143	24	27	0	6	0
10067	468	143	24	27	0	6	0
10068	495	142	24	28	0	6	0
# SPIN
10069	174	142	16	28	0		
10070	193	142	23	28	0	-6	0
10071	219	142	16	28	0
10223	78	107	23	28	0	6	0
# CROUCH
10072	522	152	22	18	0	6	0
# SLIDE
10073	547	143	16	27	0
# HOLD
10074	566	142	21	28	0	6	0
10075	590	142	22	28	0	6	0
10076	615	143	23	27	0	6	0
# KICK
10077	641	142	22	28	0	6	0
# DIVE
10078	666	142	24	28	0	6	0
10079	693	143	24	27	0	6	0
# SWIM
10080	720	142	24	28	0	6	0
10081	747	142	23	28	0	6	0
10082	773	143	24	27	0	6	0
# CLIMB
10083	800	142	16	28	0
10084	819	142	16	28	0
# ROLL
10085	319	342	22	20	0
10086	344	342	21	20	0
10087	368	340	20	22	0
10088	391	341	20	21	0
10089	414	342	22	20	0
10090	439	342	21	20	0
10091	462	340	20	22	0
10092	485	341	20	21	0
# FIRE MARIO
# chua co ten
10093	124	115	16	21	0
10094	143	115	16	21	0
# IDLE FRONT
10095	458	109	16	27	0
# IDLE
10096	206	109	14	27	0
# WALK
10097	206	109	14	27	0
10098	223	109	16	27	0
10099	242	110	16	26	0
# SKID
10100	261	108	16	28	0
# THROW
10101	280	109	14	27	0
10102	297	109	14	27	0
# RUN
10103	333	109	19	27	0
10104	355	109	19	27	0
10105	378	110	19	26	0
# JUMP
10106	314	110	16	26	0
# HIGH JUMP
10107	400	110	19	26	0
# CROUCH
10108	422	118	14	18	0
# SLIDE
10109	439	110	16	26	0
# HOLD
10110	477	109	14	27	0
10111	494	109	15	27	0
10112	512	110	16	26	0
# KICK
10113	531	109	21	27	0
# DIVE
10114	555	109	19	27	0
10115	577	110	19	26	0
# SWIM
10116	599	109	19	27	0
10117	621	109	18	27	0
10118	642	110	19	26	0
# CLIMB
10119	664	111	16	25	0
10120	683	111	16	25	0
# HAMMER MARIO
# SMALL MARIO MAP IDLE FRONT
10121	145	220	14	16	0
# BIG MARIO MAP IDLE FRONT
10122	162	215	16	21	0
10123	181	215	16	21	0
# IDLE FRONT
10124	450	209	16	27	0
# IDLE
10125	211	208	16	28	0
# WALK
10126	211	208	16	28	0
10127	229	208	16	28	0
10128	248	209	16	27	0
# SKID
10129	267	208	16	28	0
# THROW
10130	286	208	16	28	0
10131	305	208	16	28	0
# RUN
10132	343	208	19	28	0
10133	365	208	19	28	0
10134	387	209	19	27	0
# JUMP
10135	324	209	16	27	0
# HIGH JUMP
10136	409	209	19	27	0
# CROUCH
10137	431	220	16	16	0
# HOLD
10138	469	208	16	28	0
10139	488	208	16	28	0
10140	507	209	16	27	0
# KICK
10141	526	208	21	28	0
# DIVE
10142	550	208	19	28	0
10143	572	208	19	28	0
# SWIM
10144	594	208	19	28	0
10145	615	208	18	28	0
10146	636	209	19	27	0
# CLIMB
10147	658	210	16	26	0
10148	677	210	16	26	0
# ROLL
10149	371	365	18	19	0
10150	392	366	18	18	0
10151	413	365	18	19	0
10152	434	366	18	18	0
# MARIO FROG
# SMALL MARIO MAP IDLE FRONT
10153	168	253	16	16	0
# BIG MARIO MAP IDLE FRONT
10154	187	249	16	20	0
10155	206	248	16	21	0
# IDLE FRONT
10156	293	237	16	31	0
# IDLE
10157	225	245	20	24	0
# WALK
10158	312	238	15	31	0
10159	330	238	15	31	0
10160	348	239	16	30	0
# JUMP
10161	225	245	20	24	0
10162	248	240	20	29	0
10163	271	240	19	29	0
# KICK
10164	367	238	21	31	0
# SWIM IDLE
10165	391	246	24	22	0
10166	417	246	24	22	0
# SWIM DOWN
10167	444	245	16	25	0
10168	463	246	16	24	0
10169	482	245	16	25	0
# SWIM UP
10170	501	244	16	26	0
10171	520	245	16	25	0
10172	539	243	16	27	0
# SWIM SIDE
10173	558	247	20	23	0
10174	581	247	22	23	0
10175	606	247	24	23	0
# CLIMB
10176	633	243	16	27	0
10177	652	243	16	27	0
# TANOOKI MARIO
# SMALL MARIO MAP IDLE FRONT
10178	9	291	12	16	0
# BIG MARIO MAP IDLE FRONT
10179	24	284	16	23	0
10180	43	283	16	24	0
# IDLE FRONT
10181	156	278	16	29	0
# IDLE
10182	62	278	21	29	0
# SPIN
10183	156	278	16	29	0
10184	62	278	21	29	0
10185	175	278	23	29	0
10186	200	278	16	29	0
# WALK
10187	62	278	21	29	0
10188	86	278	22	29	0
10189	111	280	23	27	0
# SKID
10190	137	278	16	29	0
# RUN
10191	264	280	23	27	0
10192	290	280	23	27	0
10193	316	279	22	28	0
# JUMP
10194	238	280	23	27	0
# SPEED UP
10195	341	279	23	28	0
10196	367	279	23	28	0
10197	393	280	23	27	0
# FLY
10198	419	278	24	28	0
10199	446	279	24	27	0
10200	473	279	24	27	0
# CROUCH
10201	500	288	21	18	0
# STATUE
10202	524	277	16	29	0
# SLIDE
10203	543	279	16	27	0
# HOLD
10204	562	277	22	29	0
10205	587	277	21	29	0
10206	611	278	23	28	0
# KICK
10207	637	278	21	28	0
# DIVE
10208	661	278	24	28	0
10209	688	279	24	27	0
# SWIM
10210	715	278	24	28	0
10211	742	279	23	27	0
10212	768	279	24	27	0
# CLIMB
10213	795	279	16	28	0
10214	814	279	16	28	0
# ROLL
10215	320	390	23	20	0
10216	346	390	21	20	0
10217	370	387	20	23	0
10218	393	389	20	21	0
10219	416	390	23	20	0
10220	442	390	21	20	0
10221	466	387	20	23	0
10222	489	389	20	21	0
#MARIO FIRE BALL
10300	162	124	8	8	0
10301	173	123	8	8	0
10302	184	124	8	8	0
10303	195	123	8	8	0
#WORLD MARIO SMALL 
10304	220	8	14	16	0
10305	237	8	14	16	0
#WORLD MARIO BIG
10306	159	54	16	21	0
10307	178	54	16	21	0
#WORLD RACOON MARIO
10308	4	146	16	24	0
10309	23	146	16	24	0
#WORLD FIRE MARIO
10310	124	115	16	21	0
10311	143	115	16	21	0
#====EFFECT====
#EFFECT DAMAGED
#white-left-enemy
11000	2	1	16	16	40
#white-right-enemy
11001	20	1	16	16	40
#red-left-enemy
11002	2	19	16	16	40
#red-right-enemy
11003	20	19	16	16	40
#FIRE BALL EFFECT
11004	38	1	16	16	40
11005	56	1	16	16	40
11006	74	1	16	16	40
11007	92	1	16	16	40
#END GAME REWARD FLOWER
11008	25	28	16	16	50
11009	77	29	16	16	50
11010	115	28	16	16	50
#END GAME REWARD MUSHROOM
11011	5	27	16	16	50
11012	64	28	16	16	50
#END GAME REWARD STAR
11013	45	27	16	16	50
11014	100	28	16	16	50
#====LETTER====
11500	32	24	8	8	55
11501	54	24	6	8	55
11502	71	24	8	8	55
11503	90	24	8	8	55
11504	108	24	8	8	55
11505	127	24	8	8	55
11506	145	24	8	8	55
11507	162	24	8	8	55
11508	179	24	8	8	55
11509	197	24	8	8	55
11510	215	24	8	8	55
11511	234	24	8	8	55
11512	32	39	8	8	55
11513	53	39	8	8	55
11514	71	39	8	8	55
11515	90	39	8	8	55
11516	108	39	8	8	55
11517	127	39	8	8	55
11518	146	39	4	8	55
11519	162	39	8	8	55
11520	179	39	8	8	55
11521	197	39	8	8	55
11522	215	39	8	8	55
11523	234	39	8	8	55
11524	32	55	8	8	55
11525	53	55	8	8	55
11526	71	55	8	8	55
11527	90	55	8	8	55
11528	108	55	8	8	55
11529	127	55	8	8	55
11530	145	55	8	8	55
11531	162	55	8	8	55
11532	179	55	8	8	55
11533	196	55	8	8	55
11534	215	55	8	8	55
11535	234	55	8	8	55
11536	161	8	8	8	55
11537	234	72	8	10	55
#====UI====
#POINT 100 200 400 800 1000 2000 4000 8000 1UP
12000	60	89	12	8	55
12001	75	89	12	8	55
12002	89	88	13	10	55
12003	103	88	16	10	55
12004	120	89	15	9	55
12005	137	88	18	10	55
12006	157	89	16	8	55
12007	176	89	16	8	55
#1-UP
12008	195	89	16	8	55
#HUD
12009	12	128	152	28	55
12010	140	159	24	28	55
#PMETER POINTER HUD WHITE
12011	64	162	8	7	55
#PMETER BUTTON
12012	73	162	15	7	55
12013	100	162	15	7	55
#CARD
12014	171	159	24	28	55
12015	202	159	24	28	55
12016	232	159	24	28	55
#CACTUS
12017	1	17	16	15	60
12018	18	17	16	15	60
12019	35	17	16	15	60
12020	52	17	16	15	60
#===MISC===
#BRICK
20001	254	188	16	16	20
#COIN
20002	290	100	16	16	20
20003	304	100	8	16	20
20004	315	100	16	16	20
20005	332	100	16	16	20
20006	352	100	16	16	20
20007	369	100	16	16	20
#QUESTION BOX
20008	157	188	16	16	20
20009	176	188	16	16	20
20010	196	188	16	16	20
20011	215	188	16	16	20
#BOX EMPTY
20012	235	188	16	16	20
#BRICK
20013	274	188	16	16	20
20014	293	188	16	16	20
20015	312	188	16	16	20
20016	331	188	16	16	20
#BROKEN BRICK
20017	154	351	11	13	20
20018	166	352	13	11	20
20019	180	351	11	13	20
20020	192	352	13	11	20
#END GAME REWARD FLOWER
20021	155	1	26	26	50	6	6
#END GAME REWARD MUSHROOM
20022	183	1	26	26	50	6	6
#END GAME REWARD STAR
20023	127	1	26	26	50	6	6
#END GAME REWARD EMPTY
20024	183	48	26	26	50	6	6
#SUPER MUSHROOM
20025	156	121	16	16	20
#SUPER LEAF
20026	180	123	16	14	20
#SWITCH BRICK BLUE
20027	156	144	16	16	20
20028	200	153	16	7	20
#MOVING WOOD
20029	256	160	48	16	101
#1UP MUSHROOM
20030	286	121	16	16	20
#===ENEMY===
#GOOMBA WALK
30001	9	11	16	16	10
30002	32	11	16	16	10
#GOOMBA DIE
30003	54	18	16	9	10
#GREEN KOOPA WALK
30004	31	119	16	26	10	0	11
30005	50	118	16	27	10	0	11
#GREEN KOOPA SHELL
30006	32	149	16	16	10
30007	53	148	16	16	10
30008	74	148	16	16	10
#GREEN KOOPA RESPAWN
30009	74	127	18	16	10
#GREEN KOOPA FLY
30010	105	129	16	27	10	0	11
30011	126	130	16	26	10	0	11
30012	147	129	16	27	10	0	11
#RED KOOPA WALK
30013	28	67	16	26	10	0	10
30014	47	66	16	27	10	0	10
#RED KOOPA CROUCH
30031	71	75	18	16	10
#RED KOOPA SHELL RUN
30015	29	97	16	16	10
30016	50	96	16	16	10
30017	71	96	16	16	10
#RED GOOMBA
30018	104	70	16	16	10
30019	125	70	16	16	10
#RED GOOMBA DIE
30020	145	77	16	9	10
#RED PARA GOOMBA FLAP
30021	66	35	20	24	10	1	7
30022	140	40	20	19	10	1	2
30023	90	35	20	24	10	1	7
30024	116	40	20	19	10	1	2
#GOOMBA PARA FLAP
30025	75	6	20	24	10	1	6
30026	149	11	20	19	10	1	2
30027	99	6	20	24	10	1	6
30028	125	11	20	19	10	1	2
#GREEN PIRANHA
30029	7	107	16	24	10
30030	7	137	16	24	10
#RED PIRANHA
30032	171	35	16	32	10
30033	171	72	16	31	10
#VENUS GREEN
30034	220	34	16	32	10
30035	236	34	16	32	10
30036	252	34	16	32	10
30037	268	34	16	32	10
#VENUS RED
30038	220	66	16	32	10
30039	236	66	16	32	10
30040	252	66	16	32	10
30041	268	66	16	32	10
#RED KOOPA FLY
30042	105	93	16	27	10	0	11
30043	126	94	16	26	10	0	11
30044	147	93	16	27	10	0	11
# ani_id	sprite1_id	time1	sprite2_id	time2	...
[ANIMATIONS]

# ==== MARIO =========
#=====SMALL=====
#idle front SMALL 0
101	10001	100
#idle SMALL 1
102	10002	100
#walk SMALL 2 
103	10003	100	10004	100
#skid SMALL 3 
105	10005	100
#run SMALL 4 
106	10006	100	10007	100
#jump SMALL 5 
108	10008	100
#high jump SMALL 6 
109	10009	100
#slide SMALL 7 
111	10011	100
# hold FALL SMALL
104	10013	100
# hold ILDE SMALL
112	10012	100
# hold WALK SMALL
113	10012	100	10013	100
# kick SMALL
114	10014	100
# dive SMALL
115	10015	100	10016	100
# swim SMALL
117	10017	100	10018	100
# climb SMALL
119	10019	100	10020	100
#=====BIG=====
#idle BIG 8
121	10021	100
#idle front BIG 9
122	10022	100
#walk BIG 10
123	10023	100	10024	100	10025	100
#fall big
125	10025	100
# skid BIG
126	10026	100
# RUN
127	10027	100	10028	100	10029	100
# JUMP
130	10030	100
# HIGH JUMP
131	10031	100
# CROUCH
132	10032	100
# SLIDE
133	10033	100
# HOLD ILDE
134	10034	100
# HOLD
135	10034	100	10035	100	10036	100
#HOLD FALL
136	10036	100
# KICK
137	10037	100
# DIVE
138	10038	100	10039	100
# SWIM
140	10040	100	10041	100	10042	100
# CLIMB
143	10043	100	10044	100
# ROLL
145	10045	100	10046	100	10047	100	10048	100	10049	100	10050	100	10051	100	10052	100
#=====RACCOON MARIO=====
# IDLE FRONT
153	10053	100
# IDLE
154	10054	100
# WALK
155	10055	100	10056	100	10057	100
#FALL
157	10059	100
# SKID
158	10058	100
# RUN
159	10059	100	10060	100	10061	100
# JUMP
162	10062	100
# SPEED UP
163	10063	100	10064	100	10065	100
# FLY
166	10066	100	10067	100	10068	100
#SUPER FLY
168	10068	100
#SUPER FALL
167	10066	100
# SPIN
169	10054	100	10223	100	10069	100	10070	100	10071	100
# CROUCH
172	10072	100
# SLIDE
173	10073	100
# HOLD IDLE
174	10074	100
# HOLD 
175	10074	100	10075	100	10076	100
# HOLD FALL
176	10076	100
# KICK
177	10077	100
#DIVE
178	10078	100	10079	100
# SWIM
180	10080	100	10081	100	10082	100
# CLIMB
183	10083	100	10084	100
# ROLL
185	10085	100	10086	100	10087	100	10088	100	10089	100	10090	100	10091	100	10092	100
#====FIRE MARIO===
# chua co ten
193	10093	100	10094	100
# IDLE FRONT
195	10095	100
# IDLE
196	10096	100
# WALK
197	10097	100	10098	100	10099	100
# FALL
199	10099	100
# SKID
200	10100	100
# THROW
201	10101	100	10102	100
# RUN
203	10103	100	10104	100	10105	100
# JUMP
206	10106	100
# HIGH JUMP
207	10107	100
# CROUCH
208	10108	100
# SLIDE
209	10109	100
# HOLD IDLE
210	10110	100
# HOLD
211	10110	100	10111	100	10112	100
# HOLD FALL
212	10112	100
# KICK
213	10113	100
# DIVE
214	10114	100	10115	100
# SWIM
216	10116	100	10117	100	10118	100
# CLIMB
219	10119	100	10120	100
#=====HAMMER MARIO=====
# SMALL MARIO MAP IDLE FRONT
221	10121	100
# BIG MARIO MAP IDLE FRONT
222	10122	100	10123	100
# IDLE FRONT
224	10124	100
# IDLE
225	10125	100
# WALK
226	10126	100	10127	100	10128	100
#FALL
228	10128	100
# SKID
229	10129	100
# THROW
230	10130	100	10131	100
# RUN
232	10132	100	10133	100	10134	100
# JUMP
235	10135	100
# HIGH JUMP
236	10136	100
# CROUCH
237	10137	100
# HOLD
238	10138	100	10139	100	10140	100
# KICK
241	10141	100
# DIVE
242	10142	100	10143	100
# SWIM
244	10144	100	10145	100	10146	100
# CLIMB
247	10147	100	10148	100
# ROLL
249	10149	100	10150	100	10151	100	10152	100
#=====MARIO FROG=====
# SMALL MARIO MAP IDLE FRONT
253	10153	100
# BIG MARIO MAP IDLE FRONT
254	10154	100	10155	100
# IDLE FRONT
256	10156	100
# IDLE
257	10157	100
# WALK
258	10158	100	10159	100	10160	100
# JUMP
261	10161	100	10162	100	10163	100
# KICK
264	10164	100
# SWIM IDLE
265	10165	100	10166	100
# SWIM DOWN
267	10167	100	10168	100	10169	100
# SWIM UP
270	10170	100	10171	100	10172	100
# SWIM SIDE
273	10173	100	10174	100	10175	100
# CLIMB
276	10176	100	10177	100
#====TANOOKI MARIO=====
# SMALL MARIO MAP IDLE FRONT
278	10178	100
# BIG MARIO MAP IDLE FRONT
279	10179	100	10180	100
# IDLE FRONT
281	10181	100
# IDLE
282	10182	100
# SPIN
283	10183	100	10184	100	10185	100	10186	100
# WALK
287	10187	100	10188	100	10189	100
# SKID
290	10190	100
# RUN
291	10191	100	10192	100	10193	100
# JUMP
294	10194	100
# SPEED UP
295	10195	100	10196	100	10197	100
# FLY
298	10198	100	10199	100	10200	100
# CROUCH
301	10201	100
# STATUE
302	10202	100
# SLIDE
303	10203	100
# HOLD
304	10204	100	10205	100	10206	100
# KICK
307	10207	100
# DIVE
308	10208	100	10209	100
# SWIM
310	10210	100	10211	100	10212	100
# CLIMB
313	10213	100	10214	100
# ROLL
315	10215	100	10216	100	10217	100	10218	100	10219	100	10220	100	10221	100	10222	100
#WORLD MARIO SMALL
316	10304	100	10305	100
#WORLD MARIO BIG
317	10306	100	10307	100
#WORLD RACOON MARIO
318	10308	100	10309	100
#WORLD FIRE MARIO
319	10310	100	10311	100
#die
999	10010	100
#====MARIO FIRE BALL====
500	10300	100	10301	100	10302	100	10303	100
#FIRE BALL DAMAGED
501	11004	30	11005	30	11006	30	11007	30
#===EFFECT===
#ENEMY DAMAGED
502	11003	100	11001	100	11000	100	11002	100	11003	100	11001	100
#COIN EFFECT
503	20002	50	20003	50	20004	50
#END GAME MUSHROOM EFFECT
504	11008	100	11009	100	11010	100
#END GAME MUSHROOM EFFECT
505	11011	100	11012	100	11010	100
#END GAME MUSHROOM EFFECT
506	11013	100	11014	100	11010	100
#MARIO-VENUS-PIRANHA DAMAGED
507	11006	100	11007	100	11004	100	11005	100	11006	100	11007	100
#====MISC=========
#BRICK
601	20001	100
#COIN
602	20005	100	20006	100	20007	100
#QUESTION BOX
603	20008	100	20009	100	20010	100	20011	100
#BOX EMPTY
604	20012	100
#BRICK
605	20013	100	20014	100	20015	100	20016	100
#BROKEN BRICK
606	20017	100	20018	100	20019	100	20020	100
#END GAME REWARD FLOWER-MUSHROOM-STAR
607	20021	100
608	20022	100
609	20023	100
#END GAME REWARD EMPTY
610	20024	100
#SUPER MUSHROOM
611	20025	100
#SUPER LEAF
612	20026	100
#SWITCH BRICK BLUE
613	20027	100
614	20028	100
#MOVING WOOD
615	20029	100
#1UP MUSHROOM
616	20030	100
#====ENEMY=========
#GOOMBA WALK
1000	30001	100	30002	100
1001	30003	100
#KOOPA WALK
1002	30004	100	30005	100
#SHELL RUN
1003	30006	100	30007	100	30008	100
#KOOPA RESPAWN
1004	30006	100	30009	100
#KOOPA CROUCH
1005	30006	100
#KOOPA FLY
1006	30010	100	30011	100	30012	100
#RED KOOPA WALK
1007	30013	100	30014	100
#RED SHELL RUN
1008	30015	100	30016	100	30017	100
#RED KOOPA RESPAWN
1009	30015	100	30031	100
#RED KOOPA CROUCH
1010	30015	100
#RED GOOMBA WALK
1011	30018	100	30019	100
#RED GOOMBA DIE
1012	30020	100
#RED PARA GOOMBA WALK
1013	30022	100	30024	100
#RED PARA GOOMBA FLY
1014	30021	100	30022	100	30023	100	30024	100
#PARA GOOMBA WALK
1015	30026	100	30028	100
#PARA GOOMBA FLY
1016	30025	100	30026	100	30027	100	30028	100
#GREEN PIRANHA
1017	30029	100	30030	100
#RED PIRANHA
1018	30032	100	30033	100
#GREEN VENUS HEAD DOWN IDLE
1019	30034	100
#GREEN VENUS HEAD UP IDLE
1020	30036	100
#GREEN VENUS HEAD DOWN 
1021	30034	100	30035	100
#GREEN VENUS HEAD UP
1022	30036	100	30037	100
#RED VENUS HEAD DOWN IDLE
1023	30038	100
#RED VENUS HEAD UP IDLE
1024	30040	100
#RED VENUS HEAD DOWN 
1025	30038	100	30039	100
#RED VENUS HEAD UP
1026	30040	100	30041	100
#RED KOOPA FLY
1027	30042	100	30043	100	30044	100
#====UI====
#POINT 100
1500	12000	100
#POINT 200
1501	12001	100
#POINT 400
1502	12002	100
#POINT 800
1503	12003	100
#POINT 1000
1504	12004	100
#POINT 2000
1505	12005	100
#POINT 4000
1506	12006	100
#POINT 8000
1507	12007	100
#POINT 1UP
1508	12008	100
#HUD
1509	12009	100
#CARD
1510	12010	100
#PMETER POINTER WHITE HUD
1511	12011	100
#PMETER BUTTON BLACK & WHITE
1512	12012	50	12013	50
#CARD MUSHROOM-FLOWER-STAR
1514	12014	100
1515	12015	100
1516	12016	100
#CACTUS
1517	12017	200	12018	300	12019	200	12020	300
#===LETTER===
16	11500	100
17	11501	100
18	11502	100
19	11503	100
20	11504	100
21	11505	100
22	11506	100
23	11507	100
24	11508	100
25	11509	100
65	11510	100
66	11511	100
67	11512	100
68	11513	100
69	11514	100
70	11515	100
71	11516	100
72	11517	100
73	11518	100
74	11519	100
75	11520	100
76	11521	100
77	11522	100
78	11523	100
79	11524	100
80	11525	100
81	11526	100
82	11527	100
83	11528	100
84	11529	100
85	11530	100
86	11531	100
87	11532	100
88	11533	100
89	11534	100
90	11535	100
0	11536	100
1	11537	100
# id	ani1	ani2	ani3
#
[ANIMATION_SETS]
# MARIO
1	101
# MISC
#601 BRICK 
2	601
#ENEMY	
3	1000	1001